strike_price,expiry_date,open_interest
